 * /home/fossee/esim-workspace/diode_characteristics/diode_characteristics.cir
 DC transfer characteristic  Thu Aug 22 14:18:36  2019
--------------------------------------------------------------------------------
Index   v-sweep         in              net-_r1-pad1_   out             
--------------------------------------------------------------------------------
0	0.000000e+000	0.000000e+000	-1.41436e-022	-1.41436e-022	
1	1.000000e-002	1.000000e-002	6.460401e-007	6.460401e-007	
2	2.000000e-002	2.000000e-002	1.459341e-006	1.459341e-006	
3	3.000000e-002	3.000000e-002	2.483200e-006	2.483200e-006	
4	4.000000e-002	4.000000e-002	3.772114e-006	3.772114e-006	
5	5.000000e-002	5.000000e-002	5.394680e-006	5.394680e-006	
6	6.000000e-002	6.000000e-002	7.437231e-006	7.437231e-006	
7	7.000000e-002	7.000000e-002	1.000842e-005	1.000842e-005	
8	8.000000e-002	8.000000e-002	1.324499e-005	1.324499e-005	
9	9.000000e-002	9.000000e-002	1.731896e-005	1.731896e-005	
10	1.000000e-001	1.000000e-001	2.244680e-005	2.244680e-005	
11	1.100000e-001	1.100000e-001	2.890076e-005	2.890076e-005	
12	1.200000e-001	1.200000e-001	3.702324e-005	3.702324e-005	
13	1.300000e-001	1.300000e-001	4.724470e-005	4.724470e-005	
14	1.400000e-001	1.400000e-001	6.010615e-005	6.010615e-005	
15	1.500000e-001	1.500000e-001	7.628723e-005	7.628723e-005	
16	1.600000e-001	1.600000e-001	9.664125e-005	9.664125e-005	
17	1.700000e-001	1.700000e-001	1.222388e-004	1.222388e-004	
18	1.800000e-001	1.800000e-001	1.544221e-004	1.544221e-004	
19	1.900000e-001	1.900000e-001	1.948715e-004	1.948715e-004	
20	2.000000e-001	2.000000e-001	2.456885e-004	2.456885e-004	
21	2.100000e-001	2.100000e-001	3.094962e-004	3.094962e-004	
22	2.200000e-001	2.200000e-001	3.895620e-004	3.895620e-004	
23	2.300000e-001	2.300000e-001	4.899444e-004	4.899444e-004	
24	2.400000e-001	2.400000e-001	6.156678e-004	6.156678e-004	
25	2.500000e-001	2.500000e-001	7.729256e-004	7.729256e-004	
26	2.600000e-001	2.600000e-001	9.693126e-004	9.693126e-004	
27	2.700000e-001	2.700000e-001	1.214081e-003	1.214081e-003	
28	2.800000e-001	2.800000e-001	1.518410e-003	1.518410e-003	
29	2.900000e-001	2.900000e-001	1.895675e-003	1.895675e-003	
30	3.000000e-001	3.000000e-001	2.361683e-003	2.361683e-003	
31	3.100000e-001	3.100000e-001	2.934837e-003	2.934837e-003	
32	3.200000e-001	3.200000e-001	3.636178e-003	3.636178e-003	
33	3.300000e-001	3.300000e-001	4.489248e-003	4.489248e-003	
34	3.400000e-001	3.400000e-001	5.519699e-003	5.519699e-003	
35	3.500000e-001	3.500000e-001	6.754635e-003	6.754635e-003	
36	3.600000e-001	3.600000e-001	8.221647e-003	8.221647e-003	
37	3.700000e-001	3.700000e-001	9.947614e-003	9.947614e-003	
38	3.800000e-001	3.800000e-001	1.195735e-002	1.195735e-002	
39	3.900000e-001	3.900000e-001	1.427230e-002	1.427230e-002	
40	4.000000e-001	4.000000e-001	1.690937e-002	1.690937e-002	
41	4.100000e-001	4.100000e-001	1.988015e-002	1.988015e-002	
42	4.200000e-001	4.200000e-001	2.319060e-002	2.319060e-002	
43	4.300000e-001	4.300000e-001	2.684113e-002	2.684113e-002	
44	4.400000e-001	4.400000e-001	3.082710e-002	3.082710e-002	
45	4.500000e-001	4.500000e-001	3.513959e-002	3.513959e-002	
46	4.600000e-001	4.600000e-001	3.976636e-002	3.976636e-002	
47	4.700000e-001	4.700000e-001	4.469273e-002	4.469273e-002	
48	4.800000e-001	4.800000e-001	4.990247e-002	4.990247e-002	
49	4.900000e-001	4.900000e-001	5.537858e-002	5.537858e-002	
50	5.000000e-001	5.000000e-001	6.110383e-002	6.110383e-002	
51	5.100000e-001	5.100000e-001	6.706125e-002	6.706125e-002	
52	5.200000e-001	5.200000e-001	7.323446e-002	7.323446e-002	
53	5.300000e-001	5.300000e-001	7.960786e-002	7.960786e-002	
54	5.400000e-001	5.400000e-001	8.616679e-002	8.616679e-002	

Index   v-sweep         in              net-_r1-pad1_   out             
--------------------------------------------------------------------------------
55	5.500000e-001	5.500000e-001	9.289756e-002	9.289756e-002	
56	5.600000e-001	5.600000e-001	9.978749e-002	9.978749e-002	
57	5.700000e-001	5.700000e-001	1.068249e-001	1.068249e-001	
58	5.800000e-001	5.800000e-001	1.139989e-001	1.139989e-001	
59	5.900000e-001	5.900000e-001	1.212998e-001	1.212998e-001	
60	6.000000e-001	6.000000e-001	1.287185e-001	1.287185e-001	
61	6.100000e-001	6.100000e-001	1.362467e-001	1.362467e-001	
62	6.200000e-001	6.200000e-001	1.438768e-001	1.438768e-001	
63	6.300000e-001	6.300000e-001	1.516020e-001	1.516020e-001	
64	6.400000e-001	6.400000e-001	1.594158e-001	1.594158e-001	
65	6.500000e-001	6.500000e-001	1.673126e-001	1.673126e-001	
66	6.600000e-001	6.600000e-001	1.752869e-001	1.752869e-001	
67	6.700000e-001	6.700000e-001	1.833339e-001	1.833339e-001	
68	6.800000e-001	6.800000e-001	1.914492e-001	1.914492e-001	
69	6.900000e-001	6.900000e-001	1.996286e-001	1.996286e-001	
70	7.000000e-001	7.000000e-001	2.078683e-001	2.078683e-001	
71	7.100000e-001	7.100000e-001	2.161648e-001	2.161648e-001	
72	7.200000e-001	7.200000e-001	2.245149e-001	2.245149e-001	
73	7.300000e-001	7.300000e-001	2.329157e-001	2.329157e-001	
74	7.400000e-001	7.400000e-001	2.413644e-001	2.413644e-001	
75	7.500000e-001	7.500000e-001	2.498584e-001	2.498584e-001	
76	7.600000e-001	7.600000e-001	2.583954e-001	2.583954e-001	
77	7.700000e-001	7.700000e-001	2.669732e-001	2.669732e-001	
78	7.800000e-001	7.800000e-001	2.755897e-001	2.755897e-001	
79	7.900000e-001	7.900000e-001	2.842430e-001	2.842430e-001	
80	8.000000e-001	8.000000e-001	2.929314e-001	2.929314e-001	
81	8.100000e-001	8.100000e-001	3.016532e-001	3.016532e-001	
82	8.200000e-001	8.200000e-001	3.104068e-001	3.104068e-001	
83	8.300000e-001	8.300000e-001	3.191908e-001	3.191908e-001	
84	8.400000e-001	8.400000e-001	3.280039e-001	3.280039e-001	
85	8.500000e-001	8.500000e-001	3.368447e-001	3.368447e-001	
86	8.600000e-001	8.600000e-001	3.457121e-001	3.457121e-001	
87	8.700000e-001	8.700000e-001	3.546049e-001	3.546049e-001	
88	8.800000e-001	8.800000e-001	3.635222e-001	3.635222e-001	
89	8.900000e-001	8.900000e-001	3.724628e-001	3.724628e-001	
90	9.000000e-001	9.000000e-001	3.814259e-001	3.814259e-001	
91	9.100000e-001	9.100000e-001	3.904106e-001	3.904106e-001	
92	9.200000e-001	9.200000e-001	3.994160e-001	3.994160e-001	
93	9.300000e-001	9.300000e-001	4.084414e-001	4.084414e-001	
94	9.400000e-001	9.400000e-001	4.174859e-001	4.174859e-001	
95	9.500000e-001	9.500000e-001	4.265490e-001	4.265490e-001	
96	9.600000e-001	9.600000e-001	4.356299e-001	4.356299e-001	
97	9.700000e-001	9.700000e-001	4.447280e-001	4.447280e-001	
98	9.800000e-001	9.800000e-001	4.538426e-001	4.538426e-001	
99	9.900000e-001	9.900000e-001	4.629733e-001	4.629733e-001	
100	1.000000e+000	1.000000e+000	4.721194e-001	4.721194e-001	

 * /home/fossee/esim-workspace/diode_characteristics/diode_characteristics.cir
 DC transfer characteristic  Thu Aug 22 14:18:36  2019
--------------------------------------------------------------------------------
Index   v-sweep         
--------------------------------------------------------------------------------
0	0.000000e+000	
1	1.000000e-002	
2	2.000000e-002	
3	3.000000e-002	
4	4.000000e-002	
5	5.000000e-002	
6	6.000000e-002	
7	7.000000e-002	
8	8.000000e-002	
9	9.000000e-002	
10	1.000000e-001	
11	1.100000e-001	
12	1.200000e-001	
13	1.300000e-001	
14	1.400000e-001	
15	1.500000e-001	
16	1.600000e-001	
17	1.700000e-001	
18	1.800000e-001	
19	1.900000e-001	
20	2.000000e-001	
21	2.100000e-001	
22	2.200000e-001	
23	2.300000e-001	
24	2.400000e-001	
25	2.500000e-001	
26	2.600000e-001	
27	2.700000e-001	
28	2.800000e-001	
29	2.900000e-001	
30	3.000000e-001	
31	3.100000e-001	
32	3.200000e-001	
33	3.300000e-001	
34	3.400000e-001	
35	3.500000e-001	
36	3.600000e-001	
37	3.700000e-001	
38	3.800000e-001	
39	3.900000e-001	
40	4.000000e-001	
41	4.100000e-001	
42	4.200000e-001	
43	4.300000e-001	
44	4.400000e-001	
45	4.500000e-001	
46	4.600000e-001	
47	4.700000e-001	
48	4.800000e-001	
49	4.900000e-001	
50	5.000000e-001	
51	5.100000e-001	
52	5.200000e-001	
53	5.300000e-001	
54	5.400000e-001	

Index   v-sweep         
--------------------------------------------------------------------------------
55	5.500000e-001	
56	5.600000e-001	
57	5.700000e-001	
58	5.800000e-001	
59	5.900000e-001	
60	6.000000e-001	
61	6.100000e-001	
62	6.200000e-001	
63	6.300000e-001	
64	6.400000e-001	
65	6.500000e-001	
66	6.600000e-001	
67	6.700000e-001	
68	6.800000e-001	
69	6.900000e-001	
70	7.000000e-001	
71	7.100000e-001	
72	7.200000e-001	
73	7.300000e-001	
74	7.400000e-001	
75	7.500000e-001	
76	7.600000e-001	
77	7.700000e-001	
78	7.800000e-001	
79	7.900000e-001	
80	8.000000e-001	
81	8.100000e-001	
82	8.200000e-001	
83	8.300000e-001	
84	8.400000e-001	
85	8.500000e-001	
86	8.600000e-001	
87	8.700000e-001	
88	8.800000e-001	
89	8.900000e-001	
90	9.000000e-001	
91	9.100000e-001	
92	9.200000e-001	
93	9.300000e-001	
94	9.400000e-001	
95	9.500000e-001	
96	9.600000e-001	
97	9.700000e-001	
98	9.800000e-001	
99	9.900000e-001	
100	1.000000e+000	
