* /home/saurabh/pilot_related/new_installer/esim-1.1.2/examples/7805voltageregulator/7805voltageregulator.cir
Transient Analysis  Thu Aug 22 10:12:07  2019
--------------------------------------------------------------------------------
Index   time            alli            
--------------------------------------------------------------------------------
0	0.000000e+000	0.000000e+000	
1	1.000000e-005	-1.77169e-008	
2	1.006128e-005	-1.77559e-008	
3	1.018383e-005	-1.78309e-008	
4	1.042893e-005	-1.79826e-008	
5	1.091913e-005	-1.82932e-008	
6	1.189953e-005	-1.89446e-008	
7	1.386033e-005	-2.03857e-008	
8	1.778193e-005	-2.39756e-008	
9	2.146097e-005	-2.85209e-008	
10	2.629931e-005	-3.70521e-008	
11	3.086183e-005	-4.90349e-008	
12	3.628834e-005	-7.09886e-008	
13	4.153639e-005	-1.04648e-007	
14	4.736025e-005	-1.65116e-007	
15	5.305198e-005	-2.62453e-007	
16	5.909594e-005	-4.34656e-007	
17	6.503838e-005	-7.19361e-007	
18	7.118536e-005	-1.21737e-006	
19	7.725742e-005	-2.05306e-006	
20	8.344589e-005	-3.50350e-006	
21	8.958204e-005	-5.95785e-006	
22	9.578452e-005	-1.01958e-005	
23	1.019523e-004	-1.74014e-005	
24	1.081585e-004	-2.98023e-005	
25	1.143428e-004	-5.09435e-005	
26	1.205504e-004	-8.72468e-005	
27	1.267458e-004	-1.49219e-004	
28	1.329574e-004	-2.55442e-004	
29	1.391655e-004	-4.36772e-004	
30	1.453903e-004	-7.46811e-004	
31	1.516248e-004	-1.27486e-003	
32	1.578896e-004	-2.17295e-003	
33	1.641944e-004	-3.69089e-003	
34	1.705757e-004	-6.23864e-003	
35	1.770792e-004	-1.04599e-002	
36	1.837935e-004	-1.73374e-002	
37	1.908550e-004	-2.82907e-002	
38	1.984929e-004	-4.53735e-002	
39	2.070444e-004	-7.12699e-002	
40	2.166355e-004	-1.08149e-001	
41	2.285345e-004	-1.63059e-001	
42	2.432189e-004	-2.40538e-001	
43	2.625335e-004	-3.52311e-001	
44	2.876993e-004	-5.06558e-001	
45	3.213246e-004	-7.17657e-001	
46	3.655289e-004	-9.96136e-001	
47	4.237705e-004	-1.35446e+000	
48	4.999254e-004	-1.80040e+000	
49	5.607046e-004	-2.13432e+000	
50	5.931985e-004	-2.30486e+000	
51	6.093139e-004	-2.38739e+000	
52	6.220716e-004	-2.45176e+000	
53	6.340147e-004	-2.51126e+000	
54	6.499804e-004	-2.58965e+000	

Index   time            alli            
--------------------------------------------------------------------------------
55	6.652023e-004	-2.66317e+000	
56	6.818528e-004	-2.74224e+000	
57	7.107427e-004	-2.87614e+000	
58	7.594411e-004	-3.09254e+000	
59	8.210981e-004	-3.35022e+000	
60	9.161647e-004	-3.71356e+000	
61	9.913090e-004	-3.97294e+000	
62	1.051056e-003	-4.16264e+000	
63	1.077935e-003	-4.24340e+000	
64	1.094965e-003	-4.29314e+000	
65	1.106147e-003	-4.32520e+000	
66	1.114126e-003	-4.34779e+000	
67	1.122027e-003	-4.36994e+000	
68	1.131903e-003	-4.39729e+000	
69	1.143118e-003	-4.42792e+000	
70	1.153525e-003	-4.45593e+000	
71	1.163584e-003	-4.48265e+000	
72	1.175806e-003	-4.51461e+000	
73	1.187541e-003	-4.54482e+000	
74	1.199649e-003	-4.57547e+000	
75	1.212062e-003	-4.60638e+000	
76	1.226411e-003	-4.64144e+000	
77	1.239938e-003	-4.67386e+000	
78	1.257521e-003	-4.71508e+000	
79	1.276678e-003	-4.75883e+000	
80	1.297754e-003	-4.80558e+000	
81	1.317918e-003	-4.84898e+000	
82	1.346925e-003	-4.90917e+000	
83	1.374728e-003	-4.96444e+000	
84	1.411000e-003	-5.03305e+000	
85	1.447074e-003	-5.09747e+000	
86	1.486004e-003	-5.16285e+000	
87	1.503516e-003	-5.19088e+000	
88	1.515510e-003	-5.20960e+000	
89	1.523038e-003	-5.22116e+000	
90	1.527923e-003	-5.22857e+000	
91	1.531080e-003	-5.23333e+000	
92	1.533081e-003	-5.23634e+000	
93	1.534584e-003	-5.23859e+000	
94	1.535964e-003	-5.24065e+000	
95	1.537320e-003	-5.24267e+000	
96	1.538728e-003	-5.24477e+000	
97	1.540140e-003	-5.24687e+000	
98	1.541791e-003	-5.24934e+000	
99	1.543969e-003	-5.25260e+000	
100	1.546499e-003	-5.25641e+000	
101	1.549273e-003	-5.26063e+000	
102	1.552493e-003	-5.26558e+000	
103	1.558271e-003	-5.27463e+000	
104	1.564096e-003	-5.28404e+000	
105	1.569388e-003	-5.29289e+000	
106	1.573903e-003	-5.30069e+000	
107	1.575714e-003	-5.30389e+000	
108	1.576877e-003	-5.30595e+000	
109	1.577466e-003	-5.30700e+000	
110	1.577869e-003	-5.30772e+000	
111	1.578292e-003	-5.30846e+000	
112	1.578695e-003	-5.30916e+000	

Index   time            alli            
--------------------------------------------------------------------------------
113	1.579165e-003	-5.30996e+000	
114	1.579848e-003	-5.31109e+000	
115	1.580722e-003	-5.31250e+000	
116	1.581937e-003	-5.31441e+000	
117	1.583039e-003	-5.31609e+000	
118	1.584239e-003	-5.31789e+000	
119	1.585504e-003	-5.31976e+000	
120	1.587165e-003	-5.32218e+000	
121	1.588964e-003	-5.32478e+000	
122	1.589967e-003	-5.32622e+000	
123	1.590703e-003	-5.32728e+000	
124	1.591326e-003	-5.32817e+000	
125	1.591897e-003	-5.32898e+000	
126	1.592475e-003	-5.32980e+000	
127	1.593035e-003	-5.33060e+000	
128	1.593705e-003	-5.33155e+000	
129	1.594455e-003	-5.33260e+000	
130	1.595327e-003	-5.33382e+000	
131	1.595869e-003	-5.33458e+000	
132	1.596188e-003	-5.33502e+000	
133	1.596460e-003	-5.33540e+000	
134	1.596737e-003	-5.33579e+000	
135	1.596933e-003	-5.33607e+000	
136	1.597194e-003	-5.33645e+000	
137	1.597544e-003	-5.33695e+000	
138	1.597912e-003	-5.33749e+000	
139	1.598551e-003	-5.33843e+000	
140	1.599059e-003	-5.33918e+000	
141	1.599669e-003	-5.34007e+000	
142	1.600000e-003	-5.34055e+000	
143	1.600488e-003	-5.34125e+000	
144	1.600996e-003	-5.34197e+000	
145	1.601580e-003	-5.34278e+000	
146	1.602315e-003	-5.34380e+000	
147	1.603190e-003	-5.34500e+000	
148	1.604147e-003	-5.34630e+000	
149	1.605384e-003	-5.34797e+000	
150	1.606723e-003	-5.34976e+000	
151	1.608333e-003	-5.35189e+000	
152	1.609805e-003	-5.35383e+000	
153	1.611354e-003	-5.35587e+000	
154	1.612826e-003	-5.35779e+000	
155	1.614218e-003	-5.35961e+000	
156	1.615873e-003	-5.36175e+000	
157	1.618317e-003	-5.36491e+000	
158	1.622030e-003	-5.36967e+000	
159	1.626624e-003	-5.37551e+000	
160	1.633238e-003	-5.38383e+000	
161	1.641745e-003	-5.39436e+000	
162	1.652890e-003	-5.40789e+000	
163	1.669519e-003	-5.42751e+000	
164	1.688281e-003	-5.44885e+000	
165	1.708590e-003	-5.47101e+000	
166	1.729486e-003	-5.49280e+000	
167	1.750868e-003	-5.51406e+000	
168	1.776711e-003	-5.53837e+000	
169	1.816186e-003	-5.57266e+000	
170	1.832860e-003	-5.58612e+000	

Index   time            alli            
--------------------------------------------------------------------------------
171	1.845959e-003	-5.59627e+000	
172	1.854960e-003	-5.60304e+000	
173	1.865294e-003	-5.61060e+000	
174	1.876553e-003	-5.61859e+000	
175	1.899073e-003	-5.63377e+000	
176	1.915944e-003	-5.64447e+000	
177	1.924330e-003	-5.64958e+000	
178	1.929550e-003	-5.65268e+000	
179	1.932570e-003	-5.65445e+000	
180	1.935085e-003	-5.65590e+000	
181	1.937636e-003	-5.65735e+000	
182	1.939030e-003	-5.65813e+000	
183	1.940937e-003	-5.65919e+000	
184	1.942861e-003	-5.66025e+000	
185	1.944615e-003	-5.66120e+000	
186	1.946275e-003	-5.66210e+000	
187	1.948064e-003	-5.66306e+000	
188	1.949749e-003	-5.66396e+000	
189	1.951400e-003	-5.66484e+000	
190	1.953043e-003	-5.66570e+000	
191	1.954817e-003	-5.66663e+000	
192	1.956811e-003	-5.66767e+000	
193	1.959039e-003	-5.66882e+000	
194	1.961913e-003	-5.67029e+000	
195	1.965348e-003	-5.67202e+000	
196	1.970106e-003	-5.67439e+000	
197	1.974636e-003	-5.67662e+000	
198	1.977177e-003	-5.67785e+000	
199	1.979699e-003	-5.67906e+000	
200	1.982516e-003	-5.68040e+000	
201	1.984982e-003	-5.68156e+000	
202	1.987417e-003	-5.68269e+000	
203	1.989972e-003	-5.68386e+000	
204	1.994557e-003	-5.68593e+000	
205	1.999762e-003	-5.68822e+000	
206	2.005137e-003	-5.69054e+000	
207	2.014380e-003	-5.69441e+000	
208	2.021549e-003	-5.69730e+000	
209	2.025384e-003	-5.69882e+000	
210	2.029024e-003	-5.70023e+000	
211	2.033481e-003	-5.70191e+000	
212	2.037399e-003	-5.70337e+000	
213	2.041253e-003	-5.70476e+000	
214	2.048961e-003	-5.70748e+000	
215	2.056999e-003	-5.71020e+000	
216	2.063098e-003	-5.71219e+000	
217	2.067114e-003	-5.71346e+000	
218	2.071121e-003	-5.71470e+000	
219	2.076768e-003	-5.71640e+000	
220	2.081726e-003	-5.71785e+000	
221	2.086612e-003	-5.71922e+000	
222	2.094832e-003	-5.72144e+000	
223	2.105167e-003	-5.72407e+000	
224	2.113572e-003	-5.72607e+000	
225	2.121847e-003	-5.72792e+000	
226	2.129112e-003	-5.72945e+000	
227	2.136165e-003	-5.73083e+000	
228	2.149584e-003	-5.73324e+000	

Index   time            alli            
--------------------------------------------------------------------------------
229	2.163069e-003	-5.73536e+000	
230	2.175955e-003	-5.73709e+000	
231	2.187974e-003	-5.73846e+000	
232	2.199756e-003	-5.73956e+000	
233	2.218957e-003	-5.74087e+000	
234	2.237781e-003	-5.74157e+000	
235	2.262676e-003	-5.74163e+000	
236	2.286540e-003	-5.74076e+000	
237	2.333055e-003	-5.73655e+000	
238	2.385187e-003	-5.72795e+000	
239	2.438125e-003	-5.71516e+000	
240	2.509021e-003	-5.69188e+000	
241	2.604097e-003	-5.65011e+000	
242	2.656332e-003	-5.62220e+000	
243	2.698506e-003	-5.59721e+000	
244	2.725714e-003	-5.57995e+000	
245	2.752192e-003	-5.56231e+000	
246	2.805148e-003	-5.52464e+000	
247	2.854041e-003	-5.48705e+000	
248	2.951825e-003	-5.40420e+000	
249	3.110061e-003	-5.24974e+000	
250	3.334694e-003	-4.99095e+000	
251	3.779081e-003	-4.36437e+000	
252	4.517853e-003	-3.06397e+000	
253	5.492535e-003	-1.05124e+000	
254	5.803535e-003	-4.06105e-001	
255	5.977480e-003	-1.04565e-001	
256	6.047106e-003	-3.30158e-002	
257	6.086248e-003	-1.33244e-002	
258	6.108784e-003	-7.34466e-003	
259	6.122332e-003	-5.03302e-003	
260	6.136893e-003	-3.30987e-003	
261	6.151500e-003	-2.14896e-003	
262	6.167234e-003	-1.33501e-003	
263	6.181560e-003	-8.58468e-004	
264	6.196017e-003	-5.45800e-004	
265	6.210531e-003	-3.44264e-004	
266	6.225518e-003	-2.12416e-004	
267	6.241147e-003	-1.27652e-004	
268	6.257822e-003	-7.35008e-005	
269	6.275961e-003	-4.00939e-005	
270	6.296174e-003	-2.01021e-005	
271	6.320731e-003	-8.66235e-006	
272	6.354042e-003	-2.61463e-006	
273	6.401374e-003	-5.16697e-007	
274	6.477617e-003	2.068655e-008	
275	6.626009e-003	-3.83204e-008	
276	6.922794e-003	4.822962e-008	
277	7.516364e-003	-3.68134e-008	
278	8.703504e-003	5.053332e-008	
279	1.038451e-002	-3.49294e-008	
280	1.165271e-002	5.012080e-008	
281	1.272735e-002	-3.70314e-008	
282	1.317220e-002	4.802531e-008	
283	1.345047e-002	-3.45033e-008	
284	1.361082e-002	1.912595e-006	
285	1.370468e-002	5.292754e-005	
286	1.374693e-002	2.220201e-004	

Index   time            alli            
--------------------------------------------------------------------------------
287	1.377020e-002	4.783998e-004	
288	1.378934e-002	8.888667e-004	
289	1.380790e-002	1.600025e-003	
290	1.382738e-002	2.919975e-003	
291	1.384627e-002	5.128047e-003	
292	1.386606e-002	9.000133e-003	
293	1.388702e-002	1.567686e-002	
294	1.391062e-002	2.752324e-002	
295	1.393988e-002	4.965458e-002	
296	1.398569e-002	9.942748e-002	
297	1.403526e-002	1.663066e-001	
298	1.409051e-002	2.462254e-001	
299	1.415694e-002	3.401710e-001	
300	1.425101e-002	4.589456e-001	
301	1.438784e-002	5.918595e-001	
302	1.460808e-002	7.029532e-001	
303	1.487263e-002	6.859245e-001	
304	1.512281e-002	5.483396e-001	
305	1.534984e-002	3.509040e-001	
306	1.550209e-002	1.992614e-001	
307	1.559077e-002	1.154164e-001	
308	1.565290e-002	6.584702e-002	
309	1.570166e-002	3.637022e-002	
310	1.575716e-002	1.520507e-002	
311	1.579683e-002	7.218863e-003	
312	1.581622e-002	4.860020e-003	
313	1.583608e-002	3.186360e-003	
314	1.585617e-002	2.044858e-003	
315	1.587570e-002	1.309604e-003	
316	1.589643e-002	8.050869e-004	
317	1.591576e-002	5.052865e-004	
318	1.593536e-002	3.117492e-004	
319	1.595524e-002	1.887600e-004	
320	1.597601e-002	1.106196e-004	
321	1.599804e-002	6.182852e-005	
322	1.602201e-002	3.250311e-005	
323	1.604871e-002	1.545449e-005	
324	1.607930e-002	6.578750e-006	
325	1.611636e-002	2.140019e-006	
326	1.616835e-002	5.150760e-007	
327	1.624987e-002	-3.36717e-008	
328	1.640038e-002	5.925066e-008	
329	1.670139e-002	-6.79508e-008	
330	1.730340e-002	5.744563e-008	
331	1.850743e-002	-7.05680e-008	
332	2.050743e-002	5.513364e-008	
333	2.250743e-002	-6.93713e-008	
334	2.323487e-002	5.838027e-008	
335	2.371304e-002	-9.18783e-008	
336	2.398280e-002	-1.01239e-004	
337	2.409047e-002	-1.63611e-003	
338	2.413236e-002	-4.34247e-003	
339	2.416224e-002	-8.27781e-003	
340	2.419458e-002	-1.56319e-002	
341	2.422664e-002	-2.71752e-002	
342	2.426989e-002	-5.01623e-002	
343	2.433619e-002	-9.83885e-002	
344	2.440834e-002	-1.58186e-001	

Index   time            alli            
--------------------------------------------------------------------------------
345	2.447571e-002	-2.12190e-001	
346	2.456711e-002	-2.74782e-001	
347	2.469233e-002	-3.33659e-001	
348	2.488034e-002	-3.60209e-001	
349	2.509657e-002	-3.07469e-001	
350	2.525512e-002	-2.24362e-001	
351	2.537278e-002	-1.48499e-001	
352	2.545616e-002	-9.43782e-002	
353	2.551932e-002	-5.80347e-002	
354	2.557403e-002	-3.31247e-002	
355	2.563263e-002	-1.53030e-002	
356	2.569477e-002	-5.57526e-003	
357	2.571669e-002	-3.74577e-003	
358	2.573894e-002	-2.45897e-003	
359	2.576190e-002	-1.56250e-003	
360	2.578424e-002	-9.88829e-004	
361	2.580790e-002	-5.98908e-004	
362	2.583004e-002	-3.69127e-004	
363	2.585259e-002	-2.22402e-004	
364	2.587559e-002	-1.30643e-004	
365	2.589984e-002	-7.34923e-005	
366	2.592583e-002	-3.89175e-005	
367	2.595450e-002	-1.89715e-005	
368	2.598693e-002	-8.13822e-006	
369	2.602478e-002	-2.98079e-006	
370	2.607046e-002	-7.94631e-007	
371	2.612793e-002	-1.77979e-007	
372	2.621783e-002	2.212225e-008	
373	2.639591e-002	-2.37366e-008	
374	2.675208e-002	3.257288e-008	
375	2.746441e-002	-2.17678e-008	
376	2.878483e-002	3.535138e-008	
377	3.029720e-002	-1.98390e-008	
378	3.191005e-002	3.474644e-008	
379	3.362291e-002	-2.34662e-008	
380	3.413431e-002	4.669514e-004	
381	3.436283e-002	3.319579e-002	
382	3.445692e-002	8.274688e-002	
383	3.455131e-002	1.404537e-001	
384	3.463856e-002	1.877703e-001	
385	3.472983e-002	2.244320e-001	
386	3.487516e-002	2.510043e-001	
387	3.509095e-002	2.207658e-001	
388	3.519879e-002	1.794108e-001	
389	3.531396e-002	1.232463e-001	
390	3.539872e-002	7.980679e-002	
391	3.546401e-002	4.960750e-002	
392	3.552275e-002	2.805246e-002	
393	3.558431e-002	1.302850e-002	
394	3.564840e-002	4.890397e-003	
395	3.568159e-002	2.760762e-003	
396	3.571882e-002	1.390403e-003	
397	3.575483e-002	6.854316e-004	
398	3.579302e-002	3.119885e-004	
399	3.583991e-002	1.114043e-004	
400	3.589975e-002	2.825992e-005	
401	3.598530e-002	2.724403e-006	
402	3.612438e-002	5.492363e-007	

Index   time            alli            
--------------------------------------------------------------------------------
403	3.640253e-002	-4.92331e-007	
404	3.695883e-002	4.830817e-007	
405	3.807142e-002	-4.95125e-007	
406	4.007142e-002	4.800856e-007	
407	4.207142e-002	-4.94963e-007	
408	4.389325e-002	1.929563e-007	
409	4.441912e-002	-3.11397e-002	
410	4.464963e-002	-1.41189e-001	
411	4.475387e-002	-1.79835e-001	
412	4.487640e-002	-2.02401e-001	
413	4.500572e-002	-1.97782e-001	
414	4.517691e-002	-1.52821e-001	
415	4.529903e-002	-1.02249e-001	
416	4.539124e-002	-6.19751e-002	
417	4.545856e-002	-3.65241e-002	
418	4.552962e-002	-1.71722e-002	
419	4.559990e-002	-6.56555e-003	
420	4.566779e-002	-2.15942e-003	
421	4.572258e-002	-7.85937e-004	
422	4.577722e-002	-2.63833e-004	
423	4.584383e-002	-6.13396e-005	
424	4.593854e-002	-7.10369e-006	
425	4.609539e-002	5.459747e-007	
426	4.640910e-002	-6.30246e-007	
427	4.703651e-002	6.396499e-007	
428	4.829133e-002	-6.27204e-007	
429	5.029133e-002	6.424520e-007	
430	5.229133e-002	-6.27895e-007	
431	5.429133e-002	2.882366e-003	
432	5.629133e-002	-6.55788e-007	
433	5.829133e-002	6.450086e-007	
434	6.029133e-002	-6.60428e-007	
435	6.229133e-002	6.458508e-007	
436	6.429133e-002	-8.44819e-003	
437	6.629133e-002	7.063347e-007	
438	6.829133e-002	-6.96704e-007	
439	7.029133e-002	7.121478e-007	
440	7.229133e-002	-6.97557e-007	
441	7.429133e-002	1.932327e-002	
442	7.495282e-002	2.912920e-001	
443	7.520198e-002	2.102492e-001	
444	7.544379e-002	7.578029e-002	
445	7.554075e-002	3.191977e-002	
446	7.563919e-002	8.461366e-003	
447	7.573580e-002	1.521120e-003	
448	7.581971e-002	2.696650e-004	
449	7.590104e-002	3.917058e-005	
450	7.601755e-002	4.056945e-006	
451	7.625059e-002	-1.98650e-006	
452	7.671665e-002	1.979861e-006	
453	7.764879e-002	-1.99090e-006	
454	7.951306e-002	1.976483e-006	
455	8.151306e-002	-1.99191e-006	
456	8.351306e-002	1.980022e-006	
457	8.551306e-002	-6.00329e-002	
458	8.612549e-002	2.627108e-006	
459	8.628567e-002	-2.75774e-006	
460	8.639263e-002	2.764784e-006	

Index   time            alli            
--------------------------------------------------------------------------------
461	8.649668e-002	-2.75648e-006	
462	8.670478e-002	2.765438e-006	
463	8.712098e-002	-2.75531e-006	
464	8.795338e-002	2.767432e-006	
465	8.961818e-002	-2.75270e-006	
466	9.161818e-002	2.768035e-006	
467	9.361818e-002	-2.75638e-006	
468	9.561818e-002	3.243393e-002	
469	9.761818e-002	-2.96434e-006	
470	9.961818e-002	2.949801e-006	
471	1.000000e-001	-2.96558e-006	
